CATEGORY,AtoAnorm,AtoCnorm,AtoGnorm,AtoTnorm,CtoAnorm,CtoCnorm,CtoGnorm,CtoTnorm,GtoAnorm,GtoCnorm,GtoGnorm,GtoTnorm,TtoAnorm.x,TtoCnorm,TtoGnorm,TtoTnorm,DtoGnorm,EtoGnorm,ItoVnorm,KtoEnorm,MtoVnorm,NtoDnorm,NtoSnorm,NtoTnorm,QtoRnorm,RtoGnorm,StoGnorm,TtoAnorm.y,YtoCnorm
SRR5164629,0,0.1359,0.65165,0.09323,0.12816,0,0.17328,0.5909,0.6261,0.17314,0,0.12979,0.09065,0.65219,0.13373,0,0.00516,0.00476,0.01916,0.0087,0.0178,0.00598,0.01685,0.00177,0.02283,0.00734,0.00788,0.0193,0.00285
SRR5164630,0,0.11701,0.56803,0.08851,0.11363,0,0.14225,0.51961,0.5434,0.1443,0,0.11242,0.07825,0.57963,0.11556,0,0.0029,0.00278,0.01968,0.00942,0.01377,0.00628,0.01666,0.00133,0.02089,0.00833,0.00688,0.02355,0.00471
SRR5164631,0,0.12719,0.6173,0.09433,0.12826,0,0.16187,0.58945,0.60055,0.16123,0,0.13029,0.0939,0.6364,0.12815,0,0.00107,0.0016,0,0.0032,0,0.00224,0.00779,0,0.01003,0,0,0,0.04226
SRR5164632,0,0.18891,0.92853,0.13181,0.18292,0,0.24197,0.85591,0.86569,0.24002,0,0.18513,0.13337,0.94,0.19113,0,0.00143,0.00248,0,0.00287,0,0.00156,0.01043,0,0.01408,0,0,0,0.05254
SRR5164633,0,0.17621,0.85441,0.1246,0.16848,0,0.22519,0.78983,0.80307,0.2216,0,0.17497,0.11687,0.87234,0.16945,0,0.00469,0.00676,0.02705,0.01076,0.02553,0.00662,0.02442,0.00166,0.02677,0.00773,0.00773,0.02967,0.00455
SRR5164634,0,0.30733,1.45174,0.22989,0.30129,0,0.3695,1.333,1.33992,0.37653,0,0.30513,0.21408,1.45251,0.30151,0,0.00703,0.00571,0.03108,0.01318,0.02394,0.00703,0.02285,0.00264,0.02636,0.01153,0.01076,0.03196,0.00373
SRR5164635,0,1.09548,5.34356,0.79681,1.08266,0,1.37901,4.87257,4.95148,1.35254,0,1.0527,0.79814,5.45644,1.08017,0,0.01215,0.01865,0.0616,0.02997,0.04828,0.01831,0.04762,0.00333,0.05977,0.02447,0.02697,0.06743,0.01115
SRR5164636,0,1.02843,5.2179,0.72868,1.00647,0,1.3494,4.75822,4.77469,1.32634,0,1.01049,0.71661,5.19704,1.03941,0,0.02489,0.03111,0.10174,0.0516,0.08015,0.03477,0.06698,0.00549,0.10614,0.03513,0.04392,0.11419,0.02562
SRR5164637,0,0.96987,4.816,0.66653,0.92056,0,1.24634,4.35623,4.44907,1.2324,0,0.92668,0.67265,4.81056,0.96102,0,0.0255,0.03197,0.101,0.04625,0.0789,0.03129,0.07549,0.00578,0.10882,0.03673,0.04115,0.12004,0.01394
SRR5164638,0,1.0507,5.26696,0.74214,0.98568,0,1.36772,4.69871,4.83106,1.3481,0,1.01376,0.74022,5.29004,1.03185,0,0.02616,0.02924,0.09926,0.05232,0.08656,0.04194,0.06579,0.00616,0.10503,0.04424,0.04501,0.1185,0.01577
SRR5164639,0,1.06776,5.32077,0.7802,1.03102,0,1.37169,4.76835,4.87757,1.35132,0,1.04705,0.74079,5.39692,1.08179,0,0.0167,0.02305,0.10888,0.04208,0.07949,0.02672,0.06179,0.00534,0.08851,0.03974,0.04108,0.11356,0.02004
SRR5164640,0,0.90776,4.56832,0.61948,0.85614,0,1.23493,4.1969,4.36451,1.19002,0,0.87826,0.60741,4.62866,0.86754,0,0.02615,0.04358,0.16493,0.07308,0.13207,0.05229,0.09319,0.00067,0.16023,0.0476,0.0543,0.14682,0.02279
SRR5164641,0,1.27777,6.27132,0.88103,1.24036,0,1.62934,5.71644,5.79833,1.65934,0,1.26365,0.89903,6.36062,1.29577,0,0.02083,0.03247,0.1006,0.04165,0.08083,0.024,0.06318,0.00459,0.0833,0.03777,0.03918,0.11472,0.01553
SRR5164642,0,1.77237,8.11408,1.30609,1.74194,0,2.15025,7.68983,7.78801,2.1575,0,1.71622,1.3224,8.35682,1.79121,0,0.02101,0.03514,0.09637,0.04529,0.06884,0.02753,0.05761,0.00435,0.09202,0.03152,0.0384,0.09565,0.01884
SRR5164643,0,1.10699,5.31274,0.75574,1.06586,0,1.42275,4.90584,4.93447,1.37839,0,1.05739,0.74445,5.38453,1.06666,0,0.02137,0.02863,0.11937,0.04436,0.08307,0.03226,0.0738,0.00605,0.10001,0.04154,0.05041,0.13106,0.02137
SRR5164644,0,1.4437,7.12006,1.0739,1.42104,0,1.83766,6.46328,6.51841,1.80393,0,1.42733,1.03136,7.20388,1.47995,0,0.01636,0.02794,0.07854,0.04028,0.05991,0.02568,0.05563,0.00503,0.07955,0.03046,0.03273,0.08559,0.01284
SRR5164645,0,1.5822,7.35531,1.17625,1.49197,0,1.86816,6.76718,6.82498,1.9107,0,1.50628,1.14783,7.51898,1.57171,0,0.0124,0.02251,0.07058,0.03548,0.04445,0.02232,0.04826,0.00496,0.06639,0.029,0.03205,0.07039,0.01183
SRR5164646,0,1.05786,5.30119,0.77192,1.03669,0,1.32095,4.74074,4.82923,1.32928,0,1.01837,0.77882,5.35875,1.03217,0,0.0207,0.02355,0.07707,0.03378,0.054,0.02141,0.05257,0.00428,0.07684,0.03235,0.03521,0.08469,0.01237
